# Made in Blockbench 4.4.1
mtllib large_gear.mtl

o cube
v 0.1875 0.125 -0.125
v 0.1875 0.125 -1.375
v 0.1875 0 -0.125
v 0.1875 0 -1.375
v -0.1875 0.125 -1.375
v -0.1875 0.125 -0.125
v -0.1875 0 -1.375
v -0.1875 0 -0.125
vt 0 1
vt 0.375 1
vt 0.375 0.875
vt 0 0.875
vt 0 1
vt 1 1
vt 1 0.875
vt 0 0.875
vt 0 1
vt 0.375 1
vt 0.375 0.875
vt 0 0.875
vt 0 1
vt 1 1
vt 1 0.875
vt 0 0.875
vt 0 1
vt 0.375 1
vt 0.375 0
vt 0 0
vt 0 1
vt 0.375 1
vt 0.375 0
vt 0 0
vn 0 0 -1
vn 1 0 0
vn 0 0 1
vn -1 0 0
vn 0 1 0
vn 0 -1 0
usemtl m_0_0
f 4/4/1 7/3/1 5/2/1 2/1/1
f 3/8/2 4/7/2 2/6/2 1/5/2
f 8/12/3 3/11/3 1/10/3 6/9/3
f 7/16/4 8/15/4 6/14/4 5/13/4
f 6/20/5 1/19/5 2/18/5 5/17/5
f 7/24/6 4/23/6 3/22/6 8/21/6
o cube
v -0.12499999999999996 0.125 -0.18750000000000003
v -1.375 0.125 -0.1875000000000003
v -0.12499999999999996 0 -0.18750000000000003
v -1.375 0 -0.1875000000000003
v -1.375 0.125 0.1874999999999997
v -0.12500000000000006 0.125 0.18749999999999997
v -1.375 0 0.1874999999999997
v -0.12500000000000006 0 0.18749999999999997
vt 0 1
vt 0.375 1
vt 0.375 0.875
vt 0 0.875
vt 0 1
vt 1 1
vt 1 0.875
vt 0 0.875
vt 0 1
vt 0.375 1
vt 0.375 0.875
vt 0 0.875
vt 0 1
vt 1 1
vt 1 0.875
vt 0 0.875
vt 0 1
vt 0.375 1
vt 0.375 0
vt 0 0
vt 0 1
vt 0.375 1
vt 0.375 0
vt 0 0
vn -1 0 -2.220446049250313e-16
vn 2.220446049250313e-16 0 -1
vn 1 0 2.220446049250313e-16
vn -2.220446049250313e-16 0 1
vn 0 1 0
vn 0 -1 0
usemtl m_0_0
f 12/28/7 15/27/7 13/26/7 10/25/7
f 11/32/8 12/31/8 10/30/8 9/29/8
f 16/36/9 11/35/9 9/34/9 14/33/9
f 15/40/10 16/39/10 14/38/10 13/37/10
f 14/44/11 9/43/11 10/42/11 13/41/11
f 15/48/12 12/47/12 11/46/12 16/45/12
o cube
v -0.18749999999999997 0.125 0.12500000000000003
v -0.18749999999999983 0.125 1.375
v -0.18749999999999997 0 0.12500000000000003
v -0.18749999999999983 0 1.375
v 0.18750000000000017 0.125 1.375
v 0.18750000000000003 0.125 0.12499999999999997
v 0.18750000000000017 0 1.375
v 0.18750000000000003 0 0.12499999999999997
vt 0 1
vt 0.375 1
vt 0.375 0.875
vt 0 0.875
vt 0 1
vt 1 1
vt 1 0.875
vt 0 0.875
vt 0 1
vt 0.375 1
vt 0.375 0.875
vt 0 0.875
vt 0 1
vt 1 1
vt 1 0.875
vt 0 0.875
vt 0 1
vt 0.375 1
vt 0.375 0
vt 0 0
vt 0 1
vt 0.375 1
vt 0.375 0
vt 0 0
vn 1.2246467991473532e-16 0 1
vn -1 0 1.2246467991473532e-16
vn -1.2246467991473532e-16 0 -1
vn 1 0 -1.2246467991473532e-16
vn 0 1 0
vn 0 -1 0
usemtl m_0_0
f 20/52/13 23/51/13 21/50/13 18/49/13
f 19/56/14 20/55/14 18/54/14 17/53/14
f 24/60/15 19/59/15 17/58/15 22/57/15
f 23/64/16 24/63/16 22/62/16 21/61/16
f 22/68/17 17/67/17 18/66/17 21/65/17
f 23/72/18 20/71/18 19/70/18 24/69/18
o cube
v 0.12500000000000006 0.125 0.18749999999999997
v 1.375 0.125 0.1874999999999997
v 0.12500000000000006 0 0.18749999999999997
v 1.375 0 0.1874999999999997
v 1.375 0.125 -0.1875000000000003
v 0.12499999999999996 0.125 -0.18750000000000003
v 1.375 0 -0.1875000000000003
v 0.12499999999999996 0 -0.18750000000000003
vt 0 1
vt 0.375 1
vt 0.375 0.875
vt 0 0.875
vt 0 1
vt 1 1
vt 1 0.875
vt 0 0.875
vt 0 1
vt 0.375 1
vt 0.375 0.875
vt 0 0.875
vt 0 1
vt 1 1
vt 1 0.875
vt 0 0.875
vt 0 1
vt 0.375 1
vt 0.375 0
vt 0 0
vt 0 1
vt 0.375 1
vt 0.375 0
vt 0 0
vn 1 0 -2.220446049250313e-16
vn 2.220446049250313e-16 0 1
vn -1 0 2.220446049250313e-16
vn -2.220446049250313e-16 0 -1
vn 0 1 0
vn 0 -1 0
usemtl m_0_0
f 28/76/19 31/75/19 29/74/19 26/73/19
f 27/80/20 28/79/20 26/78/20 25/77/20
f 32/84/21 27/83/21 25/82/21 30/81/21
f 31/88/22 32/87/22 30/86/22 29/85/22
f 30/92/23 25/91/23 26/90/23 29/89/23
f 31/96/24 28/95/24 27/94/24 32/93/24
o cube
v 0.0441941738241592 0.125 -0.2209708691207961
v -0.8396893026590253 0.125 -1.1048543456039803
v 0.0441941738241592 0 -0.2209708691207961
v -0.8396893026590253 0 -1.1048543456039803
v -1.1048543456039805 0.125 -0.8396893026590251
v -0.2209708691207961 0.125 0.044194173824159244
v -1.1048543456039805 0 -0.8396893026590251
v -0.2209708691207961 0 0.044194173824159244
vt 0 1
vt 0.375 1
vt 0.375 0.875
vt 0 0.875
vt 0 1
vt 1 1
vt 1 0.875
vt 0 0.875
vt 0 1
vt 0.375 1
vt 0.375 0.875
vt 0 0.875
vt 0 1
vt 1 1
vt 1 0.875
vt 0 0.875
vt 0 1
vt 0.375 1
vt 0.375 0
vt 0 0
vt 0 1
vt 0.375 1
vt 0.375 0
vt 0 0
vn -0.7071067811865476 0 -0.7071067811865475
vn 0.7071067811865475 0 -0.7071067811865476
vn 0.7071067811865476 0 0.7071067811865475
vn -0.7071067811865475 0 0.7071067811865476
vn 0 1 0
vn 0 -1 0
usemtl m_0_0
f 36/100/25 39/99/25 37/98/25 34/97/25
f 35/104/26 36/103/26 34/102/26 33/101/26
f 40/108/27 35/107/27 33/106/27 38/105/27
f 39/112/28 40/111/28 38/110/28 37/109/28
f 38/116/29 33/115/29 34/114/29 37/113/29
f 39/120/30 36/119/30 35/118/30 40/117/30
o cube
v 0.2209708691207961 0.125 0.044194173824159244
v 1.1048543456039805 0.125 -0.8396893026590251
v 0.2209708691207961 0 0.044194173824159244
v 1.1048543456039805 0 -0.8396893026590251
v 0.8396893026590253 0.125 -1.1048543456039803
v -0.0441941738241592 0.125 -0.2209708691207961
v 0.8396893026590253 0 -1.1048543456039803
v -0.0441941738241592 0 -0.2209708691207961
vt 0.375 1
vt 0 1
vt 0 0.875
vt 0.375 0.875
vt 1 1
vt 0 1
vt 0 0.875
vt 1 0.875
vt 0.375 1
vt 0 1
vt 0 0.875
vt 0.375 0.875
vt 1 1
vt 0 1
vt 0 0.875
vt 1 0.875
vt 0.375 1
vt 0 1
vt 0 0
vt 0.375 0
vt 0.375 1
vt 0 1
vt 0 0
vt 0.375 0
vn 0.7071067811865476 0 -0.7071067811865475
vn 0.7071067811865475 0 0.7071067811865476
vn -0.7071067811865476 0 0.7071067811865475
vn -0.7071067811865475 0 -0.7071067811865476
vn 0 1 0
vn 0 -1 0
usemtl m_0_0
f 44/124/31 47/123/31 45/122/31 42/121/31
f 43/128/32 44/127/32 42/126/32 41/125/32
f 48/132/33 43/131/33 41/130/33 46/129/33
f 47/136/34 48/135/34 46/134/34 45/133/34
f 46/140/35 41/139/35 42/138/35 45/137/35
f 47/144/36 44/143/36 43/142/36 48/141/36
o cube
v 1.1048543456039805 0.125 0.8396893026590251
v 0.2209708691207961 0.125 -0.044194173824159244
v 1.1048543456039805 0 0.8396893026590251
v 0.2209708691207961 0 -0.044194173824159244
v -0.0441941738241592 0.125 0.2209708691207961
v 0.8396893026590253 0.125 1.1048543456039803
v -0.0441941738241592 0 0.2209708691207961
v 0.8396893026590253 0 1.1048543456039803
vt 0 1
vt 0.375 1
vt 0.375 0.875
vt 0 0.875
vt 0 1
vt 1 1
vt 1 0.875
vt 0 0.875
vt 0 1
vt 0.375 1
vt 0.375 0.875
vt 0 0.875
vt 0 1
vt 1 1
vt 1 0.875
vt 0 0.875
vt 0.375 0
vt 0 0
vt 0 1
vt 0.375 1
vt 0.375 0
vt 0 0
vt 0 1
vt 0.375 1
vn -0.7071067811865476 0 -0.7071067811865475
vn 0.7071067811865475 0 -0.7071067811865476
vn 0.7071067811865476 0 0.7071067811865475
vn -0.7071067811865475 0 0.7071067811865476
vn 0 1 0
vn 0 -1 0
usemtl m_0_0
f 52/148/37 55/147/37 53/146/37 50/145/37
f 51/152/38 52/151/38 50/150/38 49/149/38
f 56/156/39 51/155/39 49/154/39 54/153/39
f 55/160/40 56/159/40 54/158/40 53/157/40
f 54/164/41 49/163/41 50/162/41 53/161/41
f 55/168/42 52/167/42 51/166/42 56/165/42
o cube
v -0.8396893026590253 0.125 1.1048543456039803
v 0.0441941738241592 0.125 0.2209708691207961
v -0.8396893026590253 0 1.1048543456039803
v 0.0441941738241592 0 0.2209708691207961
v -0.2209708691207961 0.125 -0.044194173824159244
v -1.1048543456039805 0.125 0.8396893026590251
v -0.2209708691207961 0 -0.044194173824159244
v -1.1048543456039805 0 0.8396893026590251
vt 0.375 1
vt 0 1
vt 0 0.875
vt 0.375 0.875
vt 1 1
vt 0 1
vt 0 0.875
vt 1 0.875
vt 0.375 1
vt 0 1
vt 0 0.875
vt 0.375 0.875
vt 1 1
vt 0 1
vt 0 0.875
vt 1 0.875
vt 0 0
vt 0.375 0
vt 0.375 1
vt 0 1
vt 0 0
vt 0.375 0
vt 0.375 1
vt 0 1
vn 0.7071067811865476 0 -0.7071067811865475
vn 0.7071067811865475 0 0.7071067811865476
vn -0.7071067811865476 0 0.7071067811865475
vn -0.7071067811865475 0 -0.7071067811865476
vn 0 1 0
vn 0 -1 0
usemtl m_0_0
f 60/172/43 63/171/43 61/170/43 58/169/43
f 59/176/44 60/175/44 58/174/44 57/173/44
f 64/180/45 59/179/45 57/178/45 62/177/45
f 63/184/46 64/183/46 62/182/46 61/181/46
f 62/188/47 57/187/47 58/186/47 61/185/47
f 63/192/48 60/191/48 59/190/48 64/189/48
o cube
v -0.17973489481026583 0.125 1.4138406443399278
v 0.2986193956460963 0.125 0.2589912287008195
v -0.17973489481026583 0 1.4138406443399278
v 0.2986193956460963 0 0.2589912287008195
v -0.3942902537373687 0.125 -0.02802134557299782
v -0.8726445441937308 0.125 1.1268280700661106
v -0.3942902537373687 0 -0.02802134557299782
v -0.8726445441937308 0 1.1268280700661106
vt 0 1
vt 0.75 1
vt 0.75 0.875
vt 0 0.875
vt 0 1
vt 1 1
vt 1 0.875
vt 0 0.875
vt 0 1
vt 0.75 1
vt 0.75 0.875
vt 0 0.875
vt 0 1
vt 1 1
vt 1 0.875
vt 0 0.875
vt 0 1
vt 0.75 1
vt 0.75 0
vt 0 0
vt 0 1
vt 0.75 1
vt 0.75 0
vt 0 0
vn 0.3826834323650897 0 -0.9238795325112867
vn 0.9238795325112867 0 0.3826834323650897
vn -0.3826834323650897 0 0.9238795325112867
vn -0.9238795325112867 0 -0.3826834323650897
vn 0 1 0
vn 0 -1 0
usemtl m_0_0
f 68/196/49 71/195/49 69/194/49 66/193/49
f 67/200/50 68/199/50 66/198/50 65/197/50
f 72/204/51 67/203/51 65/202/51 70/201/51
f 71/208/52 72/207/52 70/206/52 69/205/52
f 70/212/53 65/211/53 66/210/53 69/209/53
f 71/216/54 68/215/54 67/214/54 72/213/54
o cube
v 0.8726445441937308 0.125 1.1268280700661106
v 0.3942902537373687 0.125 -0.02802134557299782
v 0.8726445441937308 0 1.1268280700661106
v 0.3942902537373687 0 -0.02802134557299782
v -0.2986193956460963 0.125 0.2589912287008195
v 0.17973489481026583 0.125 1.4138406443399278
v -0.2986193956460963 0 0.2589912287008195
v 0.17973489481026583 0 1.4138406443399278
vt 0.75 1
vt 0 1
vt 0 0.875
vt 0.75 0.875
vt 1 1
vt 0 1
vt 0 0.875
vt 1 0.875
vt 0.75 1
vt 0 1
vt 0 0.875
vt 0.75 0.875
vt 1 1
vt 0 1
vt 0 0.875
vt 1 0.875
vt 0.75 1
vt 0 1
vt 0 0
vt 0.75 0
vt 0.75 1
vt 0 1
vt 0 0
vt 0.75 0
vn -0.3826834323650897 0 -0.9238795325112867
vn 0.9238795325112867 0 -0.3826834323650897
vn 0.3826834323650897 0 0.9238795325112867
vn -0.9238795325112867 0 0.3826834323650897
vn 0 1 0
vn 0 -1 0
usemtl m_0_0
f 76/220/55 79/219/55 77/218/55 74/217/55
f 75/224/56 76/223/56 74/222/56 73/221/56
f 80/228/57 75/227/57 73/226/57 78/225/57
f 79/232/58 80/231/58 78/230/58 77/229/58
f 78/236/59 73/235/59 74/234/59 77/233/59
f 79/240/60 76/239/60 75/238/60 80/237/60
o cube
v 1.4138406443399276 0.125 0.17973489481026605
v 0.25899122870081953 0.125 -0.2986193956460963
v 1.4138406443399276 0 0.17973489481026605
v 0.25899122870081953 0 -0.2986193956460963
v -0.02802134557299786 0.125 0.3942902537373687
v 1.1268280700661104 0.125 0.872644544193731
v -0.02802134557299786 0 0.3942902537373687
v 1.1268280700661104 0 0.872644544193731
vt 0.75 1
vt 0 1
vt 0 0.875
vt 0.75 0.875
vt 1 1
vt 0 1
vt 0 0.875
vt 1 0.875
vt 0.75 1
vt 0 1
vt 0 0.875
vt 0.75 0.875
vt 1 1
vt 0 1
vt 0 0.875
vt 1 0.875
vt 0.75 1
vt 0 1
vt 0 0
vt 0.75 0
vt 0.75 1
vt 0 1
vt 0 0
vt 0.75 0
vn -0.9238795325112866 0 -0.38268343236508984
vn 0.38268343236508984 0 -0.9238795325112866
vn 0.9238795325112866 0 0.38268343236508984
vn -0.38268343236508984 0 0.9238795325112866
vn 0 1 0
vn 0 -1 0
usemtl m_0_0
f 84/244/61 87/243/61 85/242/61 82/241/61
f 83/248/62 84/247/62 82/246/62 81/245/62
f 88/252/63 83/251/63 81/250/63 86/249/63
f 87/256/64 88/255/64 86/254/64 85/253/64
f 86/260/65 81/259/65 82/258/65 85/257/65
f 87/264/66 84/263/66 83/262/66 88/261/66
o cube
v 1.1268280700661109 0.125 -0.8726445441937312
v -0.028021345572997833 0.125 -0.3942902537373688
v 1.1268280700661109 0 -0.8726445441937312
v -0.028021345572997833 0 -0.3942902537373688
v 0.25899122870081953 0.125 0.2986193956460963
v 1.413840644339928 0.125 -0.179734894810266
v 0.25899122870081953 0 0.2986193956460963
v 1.413840644339928 0 -0.179734894810266
vt 0.75 1
vt 0 1
vt 0 0.875
vt 0.75 0.875
vt 1 1
vt 0 1
vt 0 0.875
vt 1 0.875
vt 0.75 1
vt 0 1
vt 0 0.875
vt 0.75 0.875
vt 1 1
vt 0 1
vt 0 0.875
vt 1 0.875
vt 0.75 1
vt 0 1
vt 0 0
vt 0.75 0
vt 0.75 1
vt 0 1
vt 0 0
vt 0.75 0
vn -0.9238795325112868 0 0.38268343236508984
vn -0.38268343236508984 0 -0.9238795325112868
vn 0.9238795325112868 0 -0.38268343236508984
vn 0.38268343236508984 0 0.9238795325112868
vn 0 1 0
vn 0 -1 0
usemtl m_0_0
f 92/268/67 95/267/67 93/266/67 90/265/67
f 91/272/68 92/271/68 90/270/68 89/269/68
f 96/276/69 91/275/69 89/274/69 94/273/69
f 95/280/70 96/279/70 94/278/70 93/277/70
f 94/284/71 89/283/71 90/282/71 93/281/71
f 95/288/72 92/287/72 91/286/72 96/285/72
o cube
v 0.17973489481026605 0.125 -1.413840644339928
v -0.29861939564609624 0.125 -0.2589912287008196
v 0.17973489481026605 0 -1.413840644339928
v -0.29861939564609624 0 -0.2589912287008196
v 0.39429025373736876 0.125 0.028021345572997874
v 0.872644544193731 0.125 -1.1268280700661104
v 0.39429025373736876 0 0.028021345572997874
v 0.872644544193731 0 -1.1268280700661104
vt 0.75 1
vt 0 1
vt 0 0.875
vt 0.75 0.875
vt 1 1
vt 0 1
vt 0 0.875
vt 1 0.875
vt 0.75 1
vt 0 1
vt 0 0.875
vt 0.75 0.875
vt 1 1
vt 0 1
vt 0 0.875
vt 1 0.875
vt 0.75 1
vt 0 1
vt 0 0
vt 0.75 0
vt 0.75 1
vt 0 1
vt 0 0
vt 0.75 0
vn -0.3826834323650899 0 0.9238795325112867
vn -0.9238795325112867 0 -0.3826834323650899
vn 0.3826834323650899 0 -0.9238795325112867
vn 0.9238795325112867 0 0.3826834323650899
vn 0 1 0
vn 0 -1 0
usemtl m_0_0
f 100/292/73 103/291/73 101/290/73 98/289/73
f 99/296/74 100/295/74 98/294/74 97/293/74
f 104/300/75 99/299/75 97/298/75 102/297/75
f 103/304/76 104/303/76 102/302/76 101/301/76
f 102/308/77 97/307/77 98/306/77 101/305/77
f 103/312/78 100/311/78 99/310/78 104/309/78
o cube
v -0.872644544193731 0.125 -1.1268280700661104
v -0.39429025373736876 0.125 0.028021345572997874
v -0.872644544193731 0 -1.1268280700661104
v -0.39429025373736876 0 0.028021345572997874
v 0.29861939564609624 0.125 -0.2589912287008196
v -0.17973489481026605 0.125 -1.413840644339928
v 0.29861939564609624 0 -0.2589912287008196
v -0.17973489481026605 0 -1.413840644339928
vt 0.75 1
vt 0 1
vt 0 0.875
vt 0.75 0.875
vt 1 1
vt 0 1
vt 0 0.875
vt 1 0.875
vt 0.75 1
vt 0 1
vt 0 0.875
vt 0.75 0.875
vt 1 1
vt 0 1
vt 0 0.875
vt 1 0.875
vt 0.75 1
vt 0 1
vt 0 0
vt 0.75 0
vt 0.75 1
vt 0 1
vt 0 0
vt 0.75 0
vn 0.3826834323650899 0 0.9238795325112867
vn -0.9238795325112867 0 0.3826834323650899
vn -0.3826834323650899 0 -0.9238795325112867
vn 0.9238795325112867 0 -0.3826834323650899
vn 0 1 0
vn 0 -1 0
usemtl m_0_0
f 108/316/79 111/315/79 109/314/79 106/313/79
f 107/320/80 108/319/80 106/318/80 105/317/80
f 112/324/81 107/323/81 105/322/81 110/321/81
f 111/328/82 112/327/82 110/326/82 109/325/82
f 110/332/83 105/331/83 106/330/83 109/329/83
f 111/336/84 108/335/84 107/334/84 112/333/84
o cube
v -1.413840644339928 0.125 -0.179734894810266
v -0.25899122870081953 0.125 0.2986193956460963
v -1.413840644339928 0 -0.179734894810266
v -0.25899122870081953 0 0.2986193956460963
v 0.028021345572997833 0.125 -0.3942902537373688
v -1.1268280700661109 0.125 -0.8726445441937312
v 0.028021345572997833 0 -0.3942902537373688
v -1.1268280700661109 0 -0.8726445441937312
vt 0.75 1
vt 0 1
vt 0 0.875
vt 0.75 0.875
vt 1 1
vt 0 1
vt 0 0.875
vt 1 0.875
vt 0.75 1
vt 0 1
vt 0 0.875
vt 0.75 0.875
vt 1 1
vt 0 1
vt 0 0.875
vt 1 0.875
vt 0.75 1
vt 0 1
vt 0 0
vt 0.75 0
vt 0.75 1
vt 0 1
vt 0 0
vt 0.75 0
vn 0.9238795325112868 0 0.38268343236508984
vn -0.38268343236508984 0 0.9238795325112868
vn -0.9238795325112868 0 -0.38268343236508984
vn 0.38268343236508984 0 -0.9238795325112868
vn 0 1 0
vn 0 -1 0
usemtl m_0_0
f 116/340/85 119/339/85 117/338/85 114/337/85
f 115/344/86 116/343/86 114/342/86 113/341/86
f 120/348/87 115/347/87 113/346/87 118/345/87
f 119/352/88 120/351/88 118/350/88 117/349/88
f 118/356/89 113/355/89 114/354/89 117/353/89
f 119/360/90 116/359/90 115/358/90 120/357/90
o cube
v -1.1268280700661104 0.125 0.872644544193731
v 0.02802134557299786 0.125 0.3942902537373687
v -1.1268280700661104 0 0.872644544193731
v 0.02802134557299786 0 0.3942902537373687
v -0.25899122870081953 0.125 -0.2986193956460963
v -1.4138406443399276 0.125 0.17973489481026605
v -0.25899122870081953 0 -0.2986193956460963
v -1.4138406443399276 0 0.17973489481026605
vt 0.75 1
vt 0 1
vt 0 0.875
vt 0.75 0.875
vt 1 1
vt 0 1
vt 0 0.875
vt 1 0.875
vt 0.75 1
vt 0 1
vt 0 0.875
vt 0.75 0.875
vt 1 1
vt 0 1
vt 0 0.875
vt 1 0.875
vt 0.75 1
vt 0 1
vt 0 0
vt 0.75 0
vt 0.75 1
vt 0 1
vt 0 0
vt 0.75 0
vn 0.9238795325112866 0 -0.38268343236508984
vn 0.38268343236508984 0 0.9238795325112866
vn -0.9238795325112866 0 0.38268343236508984
vn -0.38268343236508984 0 -0.9238795325112866
vn 0 1 0
vn 0 -1 0
usemtl m_0_0
f 124/364/91 127/363/91 125/362/91 122/361/91
f 123/368/92 124/367/92 122/366/92 121/365/92
f 128/372/93 123/371/93 121/370/93 126/369/93
f 127/376/94 128/375/94 126/374/94 125/373/94
f 126/380/95 121/379/95 122/378/95 125/377/95
f 127/384/96 124/383/96 123/382/96 128/381/96
o cube
v 0.03125 0.125 -1.375
v 0.03125 0.125 -1.5
v 0.03125 0 -1.375
v 0.03125 0 -1.5
v -0.03125 0.125 -1.5
v -0.03125 0.125 -1.375
v -0.03125 0 -1.5
v -0.03125 0 -1.375
vt 0 1
vt 0.0625 1
vt 0.0625 0.875
vt 0 0.875
vt 0 1
vt 0.125 1
vt 0.125 0.875
vt 0 0.875
vt 0 1
vt 0.0625 1
vt 0.0625 0.875
vt 0 0.875
vt 0 1
vt 0.125 1
vt 0.125 0.875
vt 0 0.875
vt 0 1
vt 0.0625 1
vt 0.0625 0.875
vt 0 0.875
vt 0 1
vt 0.0625 1
vt 0.0625 0.875
vt 0 0.875
vn 0 0 -1
vn 1 0 0
vn 0 0 1
vn -1 0 0
vn 0 1 0
vn 0 -1 0
usemtl m_0_0
f 132/388/97 135/387/97 133/386/97 130/385/97
f 131/392/98 132/391/98 130/390/98 129/389/98
f 136/396/99 131/395/99 129/394/99 134/393/99
f 135/400/100 136/399/100 134/398/100 133/397/100
f 134/404/101 129/403/101 130/402/101 133/401/101
f 135/408/102 132/407/102 131/406/102 136/405/102
o cube
v 0.21045616622050248 0.125 -1.3591577408821127
v 0.22677194024800892 0.125 -1.4830883485538389
v 0.21045616622050248 0 -1.3591577408821127
v 0.22677194024800892 0 -1.4830883485538389
v 0.1648066364121458 0.125 -1.4912462355675922
v 0.14849086238463935 0.125 -1.367315627895866
v 0.1648066364121458 0 -1.4912462355675922
v 0.14849086238463935 0 -1.367315627895866
vt 0 1
vt 0.0625 1
vt 0.0625 0.875
vt 0 0.875
vt 0 1
vt 0.125 1
vt 0.125 0.875
vt 0 0.875
vt 0 1
vt 0.0625 1
vt 0.0625 0.875
vt 0 0.875
vt 0 1
vt 0.125 1
vt 0.125 0.875
vt 0 0.875
vt 0 1
vt 0.0625 1
vt 0.0625 0.875
vt 0 0.875
vt 0 1
vt 0.0625 1
vt 0.0625 0.875
vt 0 0.875
vn 0.13052619222005157 0 -0.9914448613738104
vn 0.9914448613738104 0 0.13052619222005157
vn -0.13052619222005157 0 0.9914448613738104
vn -0.9914448613738104 0 -0.13052619222005157
vn 0 1 0
vn 0 -1 0
usemtl m_0_0
f 140/412/103 143/411/103 141/410/103 138/409/103
f 139/416/104 140/415/104 138/414/104 137/413/104
f 144/420/105 139/419/105 137/418/105 142/417/105
f 143/424/106 144/423/106 142/422/106 141/421/106
f 142/428/107 137/427/107 138/426/107 141/425/107
f 143/432/108 140/431/108 139/430/108 144/429/108
o cube
v 0.5550609548929759 0.125 -1.2583754999416104
v 0.6028963839386121 0.125 -1.3738604415055211
v 0.5550609548929759 0 -1.2583754999416104
v 0.6028963839386121 0 -1.3738604415055211
v 0.5451539131566567 0.125 -1.3977781560283393
v 0.49731848411102053 0.125 -1.2822932144644286
v 0.5451539131566567 0 -1.3977781560283393
v 0.49731848411102053 0 -1.2822932144644286
vt 0 1
vt 0.0625 1
vt 0.0625 0.875
vt 0 0.875
vt 0 1
vt 0.125 1
vt 0.125 0.875
vt 0 0.875
vt 0 1
vt 0.0625 1
vt 0.0625 0.875
vt 0 0.875
vt 0 1
vt 0.125 1
vt 0.125 0.875
vt 0 0.875
vt 0 1
vt 0.0625 1
vt 0.0625 0.875
vt 0 0.875
vt 0 1
vt 0.0625 1
vt 0.0625 0.875
vt 0 0.875
vn 0.3826834323650896 0 -0.9238795325112868
vn 0.9238795325112868 0 0.3826834323650896
vn -0.3826834323650896 0 0.9238795325112868
vn -0.9238795325112868 0 -0.3826834323650896
vn 0 1 0
vn 0 -1 0
usemtl m_0_0
f 148/436/109 151/435/109 149/434/109 146/433/109
f 147/440/110 148/439/110 146/438/110 145/437/110
f 152/444/111 147/443/111 145/442/111 150/441/111
f 151/448/112 152/447/112 150/446/112 149/445/112
f 150/452/113 145/451/113 146/450/113 149/449/113
f 151/456/114 148/455/114 147/454/114 152/453/114
o cube
v 0.38606136908749955 0.125 -1.320059915988015
v 0.41841374972531464 0.125 -1.4408006442741488
v 0.38606136908749955 0 -1.320059915988015
v 0.41841374972531464 0 -1.4408006442741488
v 0.3580433855822479 0.125 -1.4569768345930563
v 0.3256910049444328 0.125 -1.3362361063069226
v 0.3580433855822479 0 -1.4569768345930563
v 0.3256910049444328 0 -1.3362361063069226
vt 0 1
vt 0.0625 1
vt 0.0625 0.875
vt 0 0.875
vt 0 1
vt 0.125 1
vt 0.125 0.875
vt 0 0.875
vt 0 1
vt 0.0625 1
vt 0.0625 0.875
vt 0 0.875
vt 0 1
vt 0.125 1
vt 0.125 0.875
vt 0 0.875
vt 0 1
vt 0.0625 1
vt 0.0625 0.875
vt 0 0.875
vt 0 1
vt 0.0625 1
vt 0.0625 0.875
vt 0 0.875
vn 0.25881904510252085 0 -0.9659258262890683
vn 0.9659258262890683 0 0.25881904510252085
vn -0.25881904510252085 0 0.9659258262890683
vn -0.9659258262890683 0 -0.25881904510252085
vn 0 1 0
vn 0 -1 0
usemtl m_0_0
f 156/460/115 159/459/115 157/458/115 154/457/115
f 155/464/116 156/463/116 154/462/116 153/461/116
f 160/468/117 155/467/117 153/466/117 158/465/117
f 159/472/118 160/471/118 158/470/118 157/469/118
f 158/476/119 153/475/119 154/474/119 157/473/119
f 159/480/120 156/479/120 155/478/120 160/477/120
o cube
v 0.994368911043583 0.125 -0.9501747372194225
v 1.0827572586919016 0.125 -1.038563084867741
v 0.994368911043583 0 -0.9501747372194225
v 1.0827572586919016 0 -1.038563084867741
v 1.0385630848677425 0.125 -1.0827572586919
v 0.9501747372194239 0.125 -0.9943689110435818
v 1.0385630848677425 0 -1.0827572586919
v 0.9501747372194239 0 -0.9943689110435818
vt 0 1
vt 0.0625 1
vt 0.0625 0.875
vt 0 0.875
vt 0 1
vt 0.125 1
vt 0.125 0.875
vt 0 0.875
vt 0 1
vt 0.0625 1
vt 0.0625 0.875
vt 0 0.875
vt 0 1
vt 0.125 1
vt 0.125 0.875
vt 0 0.875
vt 0 1
vt 0.0625 1
vt 0.0625 0.875
vt 0 0.875
vt 0 1
vt 0.0625 1
vt 0.0625 0.875
vt 0 0.875
vn 0.707106781186548 0 -0.707106781186547
vn 0.707106781186547 0 0.707106781186548
vn -0.707106781186548 0 0.707106781186547
vn -0.707106781186547 0 -0.707106781186548
vn 0 1 0
vn 0 -1 0
usemtl m_0_0
f 164/484/121 167/483/121 165/482/121 162/481/121
f 163/488/122 164/487/122 162/486/122 161/485/122
f 168/492/123 163/491/123 161/490/123 166/489/123
f 167/496/124 168/495/124 166/494/124 165/493/124
f 166/500/125 161/499/125 162/498/125 165/497/125
f 167/504/126 164/503/126 163/502/126 168/501/126
o cube
v 1.1098846375569715 0.125 -0.812254673002889
v 1.209053805093376 0.125 -0.8883498516289791
v 1.1098846375569715 0 -0.812254673002889
v 1.209053805093376 0 -0.8883498516289791
v 1.1710062157803307 0.125 -0.9379344353971814
v 1.0718370482439263 0.125 -0.8618392567710913
v 1.1710062157803307 0 -0.9379344353971814
v 1.0718370482439263 0 -0.8618392567710913
vt 0 1
vt 0.0625 1
vt 0.0625 0.875
vt 0 0.875
vt 0 1
vt 0.125 1
vt 0.125 0.875
vt 0 0.875
vt 0 1
vt 0.0625 1
vt 0.0625 0.875
vt 0 0.875
vt 0 1
vt 0.125 1
vt 0.125 0.875
vt 0 0.875
vt 0 1
vt 0.0625 1
vt 0.0625 0.875
vt 0 0.875
vt 0 1
vt 0.0625 1
vt 0.0625 0.875
vt 0 0.875
vn 0.7933533402912356 0 -0.6087614290087201
vn 0.6087614290087201 0 0.7933533402912356
vn -0.7933533402912356 0 0.6087614290087201
vn -0.6087614290087201 0 -0.7933533402912356
vn 0 1 0
vn 0 -1 0
usemtl m_0_0
f 172/508/127 175/507/127 173/506/127 170/505/127
f 171/512/128 172/511/128 170/510/128 169/509/128
f 176/516/129 171/515/129 169/514/129 174/513/129
f 175/520/130 176/519/130 174/518/130 173/517/130
f 174/524/131 169/523/131 170/522/131 173/521/131
f 175/528/132 172/527/132 171/526/132 176/525/132
o cube
v 0.8618392567710922 0.125 -1.0718370482439254
v 0.9379344353971824 0.125 -1.1710062157803298
v 0.8618392567710922 0 -1.0718370482439254
v 0.9379344353971824 0 -1.1710062157803298
v 0.8883498516289803 0.125 -1.209053805093375
v 0.8122546730028901 0.125 -1.1098846375569706
v 0.8883498516289803 0 -1.209053805093375
v 0.8122546730028901 0 -1.1098846375569706
vt 0 1
vt 0.0625 1
vt 0.0625 0.875
vt 0 0.875
vt 0 1
vt 0.125 1
vt 0.125 0.875
vt 0 0.875
vt 0 1
vt 0.0625 1
vt 0.0625 0.875
vt 0 0.875
vt 0 1
vt 0.125 1
vt 0.125 0.875
vt 0 0.875
vt 0 1
vt 0.0625 1
vt 0.0625 0.875
vt 0 0.875
vt 0 1
vt 0.0625 1
vt 0.0625 0.875
vt 0 0.875
vn 0.6087614290087209 0 -0.7933533402912349
vn 0.7933533402912349 0 0.6087614290087209
vn -0.6087614290087209 0 0.7933533402912349
vn -0.7933533402912349 0 -0.6087614290087209
vn 0 1 0
vn 0 -1 0
usemtl m_0_0
f 180/532/133 183/531/133 181/530/133 178/529/133
f 179/536/134 180/535/134 178/534/134 177/533/134
f 184/540/135 179/539/135 177/538/135 182/537/135
f 183/544/136 184/543/136 182/542/136 181/541/136
f 182/548/137 177/547/137 178/546/137 181/545/137
f 183/552/138 180/551/138 179/550/138 184/549/138
o cube
v 0.7145632938682638 0.125 -1.175159930203603
v 0.7770632938682639 0.125 -1.283413105676658
v 0.7145632938682638 0 -1.175159930203603
v 0.7770632938682639 0 -1.283413105676658
v 0.7229367061317366 0.125 -1.314663105676658
v 0.6604367061317364 0.125 -1.206409930203603
v 0.7229367061317366 0 -1.314663105676658
v 0.6604367061317364 0 -1.206409930203603
vt 0 1
vt 0.0625 1
vt 0.0625 0.875
vt 0 0.875
vt 0 1
vt 0.125 1
vt 0.125 0.875
vt 0 0.875
vt 0 1
vt 0.0625 1
vt 0.0625 0.875
vt 0 0.875
vt 0 1
vt 0.125 1
vt 0.125 0.875
vt 0 0.875
vt 0 1
vt 0.0625 1
vt 0.0625 0.875
vt 0 0.875
vt 0 1
vt 0.0625 1
vt 0.0625 0.875
vt 0 0.875
vn 0.5000000000000001 0 -0.8660254037844386
vn 0.8660254037844386 0 0.5000000000000001
vn -0.5000000000000001 0 0.8660254037844386
vn -0.8660254037844386 0 -0.5000000000000001
vn 0 1 0
vn 0 -1 0
usemtl m_0_0
f 188/556/139 191/555/139 189/554/139 186/553/139
f 187/560/140 188/559/140 186/558/140 185/557/140
f 192/564/141 187/563/141 185/562/141 190/561/141
f 191/568/142 192/567/142 190/566/142 189/565/142
f 190/572/143 185/571/143 186/570/143 189/569/143
f 191/576/144 188/575/144 187/574/144 192/573/144
o cube
v 1.375 0.125 0.031249999999999695
v 1.5 0.125 0.031249999999999667
v 1.375 0 0.031249999999999695
v 1.5 0 0.031249999999999667
v 1.5 0.125 -0.03125000000000033
v 1.375 0.125 -0.031250000000000305
v 1.5 0 -0.03125000000000033
v 1.375 0 -0.031250000000000305
vt 0 1
vt 0.0625 1
vt 0.0625 0.875
vt 0 0.875
vt 0 1
vt 0.125 1
vt 0.125 0.875
vt 0 0.875
vt 0 1
vt 0.0625 1
vt 0.0625 0.875
vt 0 0.875
vt 0 1
vt 0.125 1
vt 0.125 0.875
vt 0 0.875
vt 0 1
vt 0.0625 1
vt 0.0625 0.875
vt 0 0.875
vt 0 1
vt 0.0625 1
vt 0.0625 0.875
vt 0 0.875
vn 1 0 -2.220446049250313e-16
vn 2.220446049250313e-16 0 1
vn -1 0 2.220446049250313e-16
vn -2.220446049250313e-16 0 -1
vn 0 1 0
vn 0 -1 0
usemtl m_0_0
f 196/580/145 199/579/145 197/578/145 194/577/145
f 195/584/146 196/583/146 194/582/146 193/581/146
f 200/588/147 195/587/147 193/586/147 198/585/147
f 199/592/148 200/591/148 198/590/148 197/589/148
f 198/596/149 193/595/149 194/594/149 197/593/149
f 199/600/150 196/599/150 195/598/150 200/597/150
o cube
v 1.359157740882112 0.12499999999999967 0.21045616622050614
v 1.4830883485538384 0.12499999999999964 0.22677194024801292
v 1.359157740882112 -3.348377525735236e-16 0.21045616622050614
v 1.4830883485538384 -3.6532295976302214e-16 0.22677194024801292
v 1.4912462355675917 0.12499999999999964 0.1648066364121498
v 1.3673156278958654 0.12499999999999967 0.148490862384643
v 1.4912462355675917 -3.6632201278494207e-16 0.1648066364121498
v 1.3673156278958654 -3.3583680559544353e-16 0.148490862384643
vt 0 1
vt 0.0625 1
vt 0.0625 0.875
vt 0 0.875
vt 0 1
vt 0.125 1
vt 0.125 0.875
vt 0 0.875
vt 0 1
vt 0.0625 1
vt 0.0625 0.875
vt 0 0.875
vt 0 1
vt 0.125 1
vt 0.125 0.875
vt 0 0.875
vt 0 1
vt 0.0625 1
vt 0.0625 0.875
vt 0 0.875
vt 0 1
vt 0.0625 1
vt 0.0625 0.875
vt 0 0.875
vn 0.99144486137381 -2.4388165751598807e-16 0.13052619222005424
vn -0.13052619222005424 1.5984848350718153e-17 0.99144486137381
vn -0.99144486137381 2.4388165751598807e-16 -0.13052619222005424
vn 0.13052619222005424 -1.5984848350718153e-17 -0.99144486137381
vn 2.4388165751598807e-16 1 1.5984848350718153e-17
vn -2.4388165751598807e-16 -1 -1.5984848350718153e-17
usemtl m_0_0
f 204/604/151 207/603/151 205/602/151 202/601/151
f 203/608/152 204/607/152 202/606/152 201/605/152
f 208/612/153 203/611/153 201/610/153 206/609/153
f 207/616/154 208/615/154 206/614/154 205/613/154
f 206/620/155 201/619/155 202/618/155 205/617/155
f 207/624/156 204/623/156 203/622/156 208/621/156
o cube
v 1.258375499941609 0.12499999999999968 0.5550609548929792
v 1.3738604415055198 0.12499999999999965 0.6028963839386158
v 1.258375499941609 -3.2249548769565524e-16 0.5550609548929792
v 1.3738604415055198 -3.519463990885934e-16 0.6028963839386158
v 1.397778156028338 0.12499999999999965 0.5451539131566604
v 1.2822932144644272 0.12499999999999968 0.49731848411102386
v 1.397778156028338 -3.5487547434192236e-16 0.5451539131566604
v 1.2822932144644272 -3.254245629489842e-16 0.49731848411102386
vt 0 1
vt 0.0625 1
vt 0.0625 0.875
vt 0 0.875
vt 0 1
vt 0.125 1
vt 0.125 0.875
vt 0 0.875
vt 0 1
vt 0.0625 1
vt 0.0625 0.875
vt 0 0.875
vt 0 1
vt 0.125 1
vt 0.125 0.875
vt 0 0.875
vt 0 1
vt 0.0625 1
vt 0.0625 0.875
vt 0 0.875
vt 0 1
vt 0.0625 1
vt 0.0625 0.875
vt 0 0.875
vn 0.923879532511286 -2.356072911435053e-16 0.38268343236509206
vn -0.38268343236509206 4.686520405326328e-17 0.923879532511286
vn -0.923879532511286 2.356072911435053e-16 -0.38268343236509206
vn 0.38268343236509206 -4.686520405326328e-17 -0.923879532511286
vn 2.3560729114350525e-16 1 4.686520405326327e-17
vn -2.3560729114350525e-16 -1 -4.686520405326327e-17
usemtl m_0_0
f 212/628/157 215/627/157 213/626/157 210/625/157
f 211/632/158 212/631/158 210/630/158 209/629/158
f 216/636/159 211/635/159 209/634/159 214/633/159
f 215/640/160 216/639/160 214/638/160 213/637/160
f 214/644/161 209/643/161 210/642/161 213/641/161
f 215/648/162 212/647/162 211/646/162 216/645/162
o cube
v 1.3200599159880144 0.12499999999999967 0.3860613690875012
v 1.440800644274148 0.12499999999999964 0.4184137497253165
v 1.3200599159880144 -3.300496499625056e-16 0.3860613690875012
v 1.440800644274148 -3.6014420959408087e-16 0.4184137497253165
v 1.4569768345930554 0.12499999999999964 0.35804338558224974
v 1.336236106306922 0.12499999999999967 0.3256910049444345
v 1.4569768345930554 -3.6212522156372574e-16 0.35804338558224974
v 1.336236106306922 -3.320306619321505e-16 0.3256910049444345
vt 0 1
vt 0.0625 1
vt 0.0625 0.875
vt 0 0.875
vt 0 1
vt 0.125 1
vt 0.125 0.875
vt 0 0.875
vt 0 1
vt 0.0625 1
vt 0.0625 0.875
vt 0 0.875
vt 0 1
vt 0.125 1
vt 0.125 0.875
vt 0 0.875
vt 0 1
vt 0.0625 1
vt 0.0625 0.875
vt 0 0.875
vt 0 1
vt 0.0625 1
vt 0.0625 0.875
vt 0 0.875
vn 0.965925826289068 -2.407564770526022e-16 0.2588190451025221
vn -0.2588190451025221 3.16961915143178e-17 0.965925826289068
vn -0.965925826289068 2.407564770526022e-16 -0.2588190451025221
vn 0.2588190451025221 -3.16961915143178e-17 -0.965925826289068
vn 2.4075647705260226e-16 1 3.1696191514317803e-17
vn -2.4075647705260226e-16 -1 -3.1696191514317803e-17
usemtl m_0_0
f 220/652/163 223/651/163 221/650/163 218/649/163
f 219/656/164 220/655/164 218/654/164 217/653/164
f 224/660/165 219/659/165 217/658/165 222/657/165
f 223/664/166 224/663/166 222/662/166 221/661/166
f 222/668/167 217/667/167 218/666/167 221/665/167
f 223/672/168 220/671/168 219/670/168 224/669/168
o cube
v 1.3362361063069235 0.125 -0.32569100494442954
v 1.4569768345930572 0.125 -0.35804338558224436
v 1.3362361063069235 0 -0.32569100494442954
v 1.4569768345930572 0 -0.35804338558224436
v 1.4408006442741497 0.125 -0.4184137497253112
v 1.320059915988016 0.125 -0.3860613690874964
v 1.4408006442741497 0 -0.4184137497253112
v 1.320059915988016 0 -0.3860613690874964
vt 0 1
vt 0.0625 1
vt 0.0625 0.875
vt 0 0.875
vt 0 1
vt 0.125 1
vt 0.125 0.875
vt 0 0.875
vt 0 1
vt 0.0625 1
vt 0.0625 0.875
vt 0 0.875
vt 0 1
vt 0.125 1
vt 0.125 0.875
vt 0 0.875
vt 0 1
vt 0.0625 1
vt 0.0625 0.875
vt 0 0.875
vt 0 1
vt 0.0625 1
vt 0.0625 0.875
vt 0 0.875
vn 0.9659258262890689 0 -0.2588190451025185
vn 0.2588190451025185 0 0.9659258262890689
vn -0.9659258262890689 0 0.2588190451025185
vn -0.2588190451025185 0 -0.9659258262890689
vn 0 1 0
vn 0 -1 0
usemtl m_0_0
f 228/676/169 231/675/169 229/674/169 226/673/169
f 227/680/170 228/679/170 226/678/170 225/677/170
f 232/684/171 227/683/171 225/682/171 230/681/171
f 231/688/172 232/687/172 230/686/172 229/685/172
f 230/692/173 225/691/173 226/690/173 229/689/173
f 231/696/174 228/695/174 227/694/174 232/693/174
o cube
v 1.3673156278958662 0.125 -0.14849086238463505
v 1.4912462355675926 0.125 -0.1648066364121411
v 1.3673156278958662 0 -0.14849086238463505
v 1.4912462355675926 0 -0.1648066364121411
v 1.4830883485538398 0.125 -0.2267719402480043
v 1.3591577408821134 0.125 -0.21045616622049823
v 1.4830883485538398 0 -0.2267719402480043
v 1.3591577408821134 0 -0.21045616622049823
vt 0 1
vt 0.0625 1
vt 0.0625 0.875
vt 0 0.875
vt 0 1
vt 0.125 1
vt 0.125 0.875
vt 0 0.875
vt 0 1
vt 0.0625 1
vt 0.0625 0.875
vt 0 0.875
vt 0 1
vt 0.125 1
vt 0.125 0.875
vt 0 0.875
vt 0 1
vt 0.0625 1
vt 0.0625 0.875
vt 0 0.875
vt 0 1
vt 0.0625 1
vt 0.0625 0.875
vt 0 0.875
vn 0.9914448613738108 0 -0.13052619222004846
vn 0.13052619222004846 0 0.9914448613738108
vn -0.9914448613738108 0 0.13052619222004846
vn -0.13052619222004846 0 -0.9914448613738108
vn 0 1 0
vn 0 -1 0
usemtl m_0_0
f 236/700/175 239/699/175 237/698/175 234/697/175
f 235/704/176 236/703/176 234/702/176 233/701/176
f 240/708/177 235/707/177 233/706/177 238/705/177
f 239/712/178 240/711/178 238/710/178 237/709/178
f 238/716/179 233/715/179 234/714/179 237/713/179
f 239/720/180 236/719/180 235/718/180 240/717/180
o cube
v 1.2822932144644288 0.125 -0.49731848411101937
v 1.3977781560283398 0.125 -0.5451539131566556
v 1.2822932144644288 0 -0.49731848411101937
v 1.3977781560283398 0 -0.5451539131566556
v 1.3738604415055216 0.125 -0.602896383938611
v 1.2583754999416106 0.125 -0.5550609548929748
v 1.3738604415055216 0 -0.602896383938611
v 1.2583754999416106 0 -0.5550609548929748
vt 0 1
vt 0.0625 1
vt 0.0625 0.875
vt 0 0.875
vt 0 1
vt 0.125 1
vt 0.125 0.875
vt 0 0.875
vt 0 1
vt 0.0625 1
vt 0.0625 0.875
vt 0 0.875
vt 0 1
vt 0.125 1
vt 0.125 0.875
vt 0 0.875
vt 0 1
vt 0.0625 1
vt 0.0625 0.875
vt 0 0.875
vt 0 1
vt 0.0625 1
vt 0.0625 0.875
vt 0 0.875
vn 0.9238795325112871 0 -0.38268343236508884
vn 0.38268343236508884 0 0.9238795325112871
vn -0.9238795325112871 0 0.38268343236508884
vn -0.38268343236508884 0 -0.9238795325112871
vn 0 1 0
vn 0 -1 0
usemtl m_0_0
f 244/724/181 247/723/181 245/722/181 242/721/181
f 243/728/182 244/727/182 242/726/182 241/725/182
f 248/732/183 243/731/183 241/730/183 246/729/183
f 247/736/184 248/735/184 246/734/184 245/733/184
f 246/740/185 241/739/185 242/738/185 245/737/185
f 247/744/186 244/743/186 243/742/186 248/741/186
o cube
v 1.206409930203603 0.125 -0.6604367061317364
v 1.314663105676658 0.125 -0.7229367061317366
v 1.206409930203603 0 -0.6604367061317364
v 1.314663105676658 0 -0.7229367061317366
v 1.283413105676658 0.125 -0.7770632938682639
v 1.175159930203603 0.125 -0.7145632938682638
v 1.283413105676658 0 -0.7770632938682639
v 1.175159930203603 0 -0.7145632938682638
vt 0 1
vt 0.0625 1
vt 0.0625 0.875
vt 0 0.875
vt 0 1
vt 0.125 1
vt 0.125 0.875
vt 0 0.875
vt 0 1
vt 0.0625 1
vt 0.0625 0.875
vt 0 0.875
vt 0 1
vt 0.125 1
vt 0.125 0.875
vt 0 0.875
vt 0 1
vt 0.0625 1
vt 0.0625 0.875
vt 0 0.875
vt 0 1
vt 0.0625 1
vt 0.0625 0.875
vt 0 0.875
vn 0.8660254037844386 0 -0.5000000000000001
vn 0.5000000000000001 0 0.8660254037844386
vn -0.8660254037844386 0 0.5000000000000001
vn -0.5000000000000001 0 -0.8660254037844386
vn 0 1 0
vn 0 -1 0
usemtl m_0_0
f 252/748/187 255/747/187 253/746/187 250/745/187
f 251/752/188 252/751/188 250/750/188 249/749/188
f 256/756/189 251/755/189 249/754/189 254/753/189
f 255/760/190 256/759/190 254/758/190 253/757/190
f 254/764/191 249/763/191 250/762/191 253/761/191
f 255/768/192 252/767/192 251/766/192 256/765/192
o cube
v -0.031249999999998803 0.12499999999999983 1.375
v -0.031249999999998695 0.12499999999999982 1.5
v -0.031249999999998817 -1.6456191363542573e-16 1.375
v -0.03124999999999871 -1.7986999862476764e-16 1.5
v 0.031250000000001305 0.12499999999999982 1.5
v 0.0312500000000012 0.12499999999999983 1.375
v 0.03125000000000129 -1.875240411194386e-16 1.5
v 0.03125000000000119 -1.7221595613009667e-16 1.375
vt 0 1
vt 0.0625 1
vt 0.0625 0.875
vt 0 0.875
vt 0 1
vt 0.125 1
vt 0.125 0.875
vt 0 0.875
vt 0 1
vt 0.0625 1
vt 0.0625 0.875
vt 0 0.875
vt 0 1
vt 0.125 1
vt 0.125 0.875
vt 0 0.875
vt 0 1
vt 0.0625 1
vt 0.0625 0.875
vt 0 0.875
vt 0 1
vt 0.0625 1
vt 0.0625 0.875
vt 0 0.875
vn 8.604228440844964e-16 -1.2246467991473542e-16 1
vn -1 1.2246467991473532e-16 8.604228440844964e-16
vn -8.604228440844964e-16 1.2246467991473542e-16 -1
vn 1 -1.2246467991473532e-16 -8.604228440844964e-16
vn 1.2246467991473542e-16 1 1.2246467991473532e-16
vn -1.2246467991473542e-16 -1 -1.2246467991473532e-16
usemtl m_0_0
f 260/772/193 263/771/193 261/770/193 258/769/193
f 259/776/194 260/775/194 258/774/194 257/773/194
f 264/780/195 259/779/195 257/778/195 262/777/195
f 263/784/196 264/783/196 262/782/196 261/781/196
f 262/788/197 257/787/197 258/786/197 261/785/197
f 263/792/198 260/791/198 259/790/198 264/789/198
o cube
v -0.2104561662205038 0.12499999999999985 1.3591577408821125
v -0.22677194024801037 0.12499999999999983 1.4830883485538389
v -0.2104561662205038 -1.4261548785048472e-16 1.3591577408821125
v -0.22677194024801037 -1.559254667959869e-16 1.4830883485538389
v -0.1648066364121472 0.12499999999999983 1.4912462355675922
v -0.14849086238464065 0.12499999999999985 1.3673156278958658
v -0.16480663641214724 -1.6351402789606523e-16 1.4912462355675922
v -0.14849086238464068 -1.5020404895056304e-16 1.3673156278958658
vt 0 1
vt 0.0625 1
vt 0.0625 0.875
vt 0 0.875
vt 0 1
vt 0.125 1
vt 0.125 0.875
vt 0 0.875
vt 0 1
vt 0.0625 1
vt 0.0625 0.875
vt 0 0.875
vt 0 1
vt 0.125 1
vt 0.125 0.875
vt 0 0.875
vt 0 1
vt 0.0625 1
vt 0.0625 0.875
vt 0 0.875
vt 0 1
vt 0.0625 1
vt 0.0625 0.875
vt 0 0.875
vn -0.13052619222005254 -1.0647983156401737e-16 0.9914448613738103
vn -0.9914448613738103 1.2141697760125282e-16 -0.13052619222005254
vn 0.13052619222005254 1.0647983156401737e-16 -0.9914448613738103
vn 0.9914448613738103 -1.2141697760125282e-16 0.13052619222005254
vn 1.0647983156401737e-16 1 1.2141697760125282e-16
vn -1.0647983156401737e-16 -1 -1.2141697760125282e-16
usemtl m_0_0
f 268/796/199 271/795/199 269/794/199 266/793/199
f 267/800/200 268/799/200 266/798/200 265/797/200
f 272/804/201 267/803/201 265/802/201 270/801/201
f 271/808/202 272/807/202 270/806/202 269/805/202
f 270/812/203 265/811/203 266/810/203 269/809/203
f 271/816/204 268/815/204 267/814/204 272/813/204
o cube
v -0.5550609548929828 0.1249999999999999 1.258375499941607
v -0.6028963839386197 0.12499999999999989 1.3738604415055178
v -0.5550609548929829 -1.0041357270862458e-16 1.258375499941607
v -0.6028963839386198 -1.0986350719130856e-16 1.3738604415055178
v -0.5451539131566644 0.12499999999999989 1.3977781560283362
v -0.4973184841110276 0.1249999999999999 1.2822932144644255
v -0.5451539131566644 -1.1693492039310666e-16 1.397778156028336
v -0.4973184841110276 -1.0748498591042268e-16 1.2822932144644252
vt 0 1
vt 0.0625 1
vt 0.0625 0.875
vt 0 0.875
vt 0 1
vt 0.125 1
vt 0.125 0.875
vt 0 0.875
vt 0 1
vt 0.0625 1
vt 0.0625 0.875
vt 0 0.875
vt 0 1
vt 0.125 1
vt 0.125 0.875
vt 0 0.875
vt 0 1
vt 0.0625 1
vt 0.0625 0.875
vt 0 0.875
vt 0 1
vt 0.0625 1
vt 0.0625 0.875
vt 0 0.875
vn -0.3826834323650948 -7.559947586147172e-17 0.9238795325112847
vn -0.9238795325112847 1.131426112287698e-16 -0.3826834323650948
vn 0.3826834323650948 7.559947586147172e-17 -0.9238795325112847
vn 0.9238795325112847 -1.131426112287698e-16 0.3826834323650948
vn 7.559947586147174e-17 1 1.1314261122876983e-16
vn -7.559947586147174e-17 -1 -1.1314261122876983e-16
usemtl m_0_0
f 276/820/205 279/819/205 277/818/205 274/817/205
f 275/824/206 276/823/206 274/822/206 273/821/206
f 280/828/207 275/827/207 273/826/207 278/825/207
f 279/832/208 280/831/208 278/830/208 277/829/208
f 278/836/209 273/835/209 274/834/209 277/833/209
f 279/840/210 276/839/210 275/838/210 280/837/210
o cube
v -0.38606136908750205 0.12499999999999988 1.3200599159880144
v -0.41841374972531736 0.12499999999999986 1.440800644274148
v -0.38606136908750205 -1.2111005289001562e-16 1.3200599159880144
v -0.41841374972531736 -1.324561139400678e-16 1.440800644274148
v -0.35804338558225063 0.12499999999999986 1.4569768345930554
v -0.3256910049444353 0.12499999999999988 1.336236106306922
v -0.35804338558225063 -1.3984935126118448e-16 1.4569768345930554
v -0.3256910049444353 -1.285032902111323e-16 1.336236106306922
vt 0 1
vt 0.0625 1
vt 0.0625 0.875
vt 0 0.875
vt 0 1
vt 0.125 1
vt 0.125 0.875
vt 0 0.875
vt 0 1
vt 0.0625 1
vt 0.0625 0.875
vt 0 0.875
vt 0 1
vt 0.125 1
vt 0.125 0.875
vt 0 0.875
vt 0 1
vt 0.0625 1
vt 0.0625 0.875
vt 0 0.875
vt 0 1
vt 0.0625 1
